0
the function is 1.0807740953993539 0.9701045546278873 0.5382888529023927
1.6212399980725063
-0.105548540331363
0.2289174732870537
1.4727166089192025
-0.11942857185998873

1
the function is 0.19633761918266052 1.2382990982789661 1.1160535399325904
1.789486511246285
0.12041092760198747
0.2085620900092079
1.7188851220334336
0.09246213599077184

2
the function is 0.4138950866603857 0.4103421304345988 0.024482734494231915
0.5973918440166224
0.011451077108600351
0.07661759889227363
0.5637610880448177
0.04032305658899077

3
the function is 1.2473352354245824 2.852677295593718 1.939187854943644
3.9756454559915237
0.14312238886052903
0.48545121033233374
3.85573962024552
-0.160831331802811

4
the function is 0.49751507261709893 0.2174415267202769 0.834766108686727
0.9804594603585872
0.1269640426863913
0.13445746402090472
1.0051733813160693
0.13890606915798623

5
the function is 2.7179902015082598 3.236738292667483 3.469774343594761
5.478824009873633
0.09352016467404745
0.76210860019695
5.039365606889031
0.2901080691263021

6
the function is 0.988201531768138 1.0238436961511033 0.6041696015273382
1.464195473389496
0.06082761511686454
0.18817611310350552
1.4486622762322099
0.07849152449085633

7
the function is 0.20839464261487264 0.09707529040472836 0.41889293365582664
0.4706788753036426
-0.03698391564093268
0.058364205068420084
0.442141013132815
-0.029605222923585833

8
the function is 1.2147971101362822 5.156431473900488 0.676940644679308
5.190619791237051
-0.0783154400083245
0.8511047578783212
4.985476230666209
0.006074780077398524

9
the function is 4.115719661072003 3.318407860743266 1.2314909780481447
4.774917500788711
0.3110653425224378
0.876237611235016
4.177368514198655
0.27917642557222744

