0
the function is 1.0807740953993539 0.9701045546278873 0.5382888529023927
1.456790000767103
-0.1200746117807125
7.839201673163857e-06
1.5243757278735692
-0.11129840930302938

1
the function is 0.19633761918266052 1.2382990982789661 1.1160535399325904
1.7277303398197392
-0.021570844534259323
4.111262123585221e-06
1.7367462601788852
0.00379618247350057

2
the function is 0.4138950866603857 0.4103421304345988 0.024482734494231915
0.5933360857486556
0.028650665192131407
1.6180017832008336e-06
0.580100110890726
0.04622423926989237

3
the function is 1.2473352354245824 2.852677295593718 1.939187854943644
3.722231430428111
0.1172577719544509
1.5391683853296184e-05
3.859463776203437
0.046644384860992434

4
the function is 0.49751507261709893 0.2174415267202769 0.834766108686727
0.9783508166418794
0.11234785050249659
2.112364423978765e-06
0.9206065758108456
0.1430168379843235

5
the function is 2.7179902015082598 3.236738292667483 3.469774343594761
5.698452745387165
-0.2982829336108658
2.9729613361610952e-05
5.810756242520158
-0.5538647536436717

6
the function is 0.988201531768138 1.0238436961511033 0.6041696015273382
1.6381964401222653
0.1327252126379254
8.143439822790774e-06
1.6319894828811758
0.3193844755490621

7
the function is 0.20839464261487264 0.09707529040472836 0.41889293365582664
0.4687750411728625
0.0712247264936423
1.8336060392337937e-06
0.4647919839834756
0.060143538465102515

8
the function is 1.2147971101362822 5.156431473900488 0.676940644679308
5.5770581190152475
0.3129439362223588
3.6214957941712956e-05
5.509581919301397
0.16935775180657706

9
the function is 4.115719661072003 3.318407860743266 1.2314909780481447
5.713034730011072
-0.058320704221875096
1.3380259739304013e-05
5.752682045788114
0.09774042283495267

