========== Experiments finished so far: 0 ==========
==================================================
| num_training_data: 600
| num_testing_data: 135
| target_deployment_name: boutique_p90_p90
| target_service_name: frontend:0.90
| num_experiments: 10
| experiment_ids_completed: [0, 1, 2, 3, 4, 5, 6, 7, 8, 9, 0, 1, 2, 3, 4, 5, 6, 7, 8, 9, 0, 1, 2, 3, 4, 5, 6, 7, 8, 9, 0, 1, 2, 3, 4, 5, 6, 7, 8, 9, 0, 1, 2, 3, 4, 5, 6, 7, 8, 9, 0, 1, 2, 3, 4, 5, 6, 7, 8, 9, 0, 1, 2, 3, 4, 5, 6, 7, 8, 9, 0]
| dataset_filename: /home/yuqingxie/autosys/code/PlayGround/OSDI22/GoogleBoutique/dataset-whole-standardized.csv
==========
| fluxion_abs_errs:
[0.34698762, 0.38402963, 0.35927183, 0.35893946, 0.37817783, 0.35729629, 0.41125399, 0.39394166, 0.33173642, 0.32796105, 0.34333124, 0.38190122, 0.3551239, 0.35818029, 0.3782848, 0.35913198, 0.41389493, 0.39361026, 0.33115845, 0.33132098, 0.34387528, 0.38172525, 0.35273302, 0.35835654, 0.37839587, 0.35779741, 0.4126343, 0.39382789, 0.32689786, 0.32930212, 0.34363037, 0.38178454, 0.35371795, 0.35840546, 0.37608309, 0.36115235, 0.41012266, 0.3936678, 0.32623462, 0.32929751, 0.34255552, 0.38026616, 0.35452644, 0.3597642, 0.37784025, 0.36140386, 0.41130654, 0.39386935, 0.32734459, 0.32980687, 0.34259166, 0.38090616, 0.35467143, 0.35930885, 0.38143201, 0.36189013, 0.41087006, 0.39349697, 0.32703711, 0.33127396, 0.34369599, 0.38085104, 0.35533773, 0.35929618, 0.38187845, 0.36181919, 0.41043977, 0.39484088, 0.32665172, 0.33135306, 0.34377923]
========== Experiments finished so far: 1 ==========
==================================================
| num_training_data: 600
| num_testing_data: 135
| target_deployment_name: boutique_p90_p90
| target_service_name: frontend:0.90
| num_experiments: 10
| experiment_ids_completed: [0, 1, 2, 3, 4, 5, 6, 7, 8, 9, 0, 1, 2, 3, 4, 5, 6, 7, 8, 9, 0, 1, 2, 3, 4, 5, 6, 7, 8, 9, 0, 1, 2, 3, 4, 5, 6, 7, 8, 9, 0, 1, 2, 3, 4, 5, 6, 7, 8, 9, 0, 1, 2, 3, 4, 5, 6, 7, 8, 9, 0, 1, 2, 3, 4, 5, 6, 7, 8, 9, 0, 1]
| dataset_filename: /home/yuqingxie/autosys/code/PlayGround/OSDI22/GoogleBoutique/dataset-whole-standardized.csv
==========
| fluxion_abs_errs:
[0.34698762, 0.38402963, 0.35927183, 0.35893946, 0.37817783, 0.35729629, 0.41125399, 0.39394166, 0.33173642, 0.32796105, 0.34333124, 0.38190122, 0.3551239, 0.35818029, 0.3782848, 0.35913198, 0.41389493, 0.39361026, 0.33115845, 0.33132098, 0.34387528, 0.38172525, 0.35273302, 0.35835654, 0.37839587, 0.35779741, 0.4126343, 0.39382789, 0.32689786, 0.32930212, 0.34363037, 0.38178454, 0.35371795, 0.35840546, 0.37608309, 0.36115235, 0.41012266, 0.3936678, 0.32623462, 0.32929751, 0.34255552, 0.38026616, 0.35452644, 0.3597642, 0.37784025, 0.36140386, 0.41130654, 0.39386935, 0.32734459, 0.32980687, 0.34259166, 0.38090616, 0.35467143, 0.35930885, 0.38143201, 0.36189013, 0.41087006, 0.39349697, 0.32703711, 0.33127396, 0.34369599, 0.38085104, 0.35533773, 0.35929618, 0.38187845, 0.36181919, 0.41043977, 0.39484088, 0.32665172, 0.33135306, 0.34377923, 0.38097947]
========== Experiments finished so far: 2 ==========
==================================================
| num_training_data: 600
| num_testing_data: 135
| target_deployment_name: boutique_p90_p90
| target_service_name: frontend:0.90
| num_experiments: 10
| experiment_ids_completed: [0, 1, 2, 3, 4, 5, 6, 7, 8, 9, 0, 1, 2, 3, 4, 5, 6, 7, 8, 9, 0, 1, 2, 3, 4, 5, 6, 7, 8, 9, 0, 1, 2, 3, 4, 5, 6, 7, 8, 9, 0, 1, 2, 3, 4, 5, 6, 7, 8, 9, 0, 1, 2, 3, 4, 5, 6, 7, 8, 9, 0, 1, 2, 3, 4, 5, 6, 7, 8, 9, 0, 1, 2]
| dataset_filename: /home/yuqingxie/autosys/code/PlayGround/OSDI22/GoogleBoutique/dataset-whole-standardized.csv
==========
| fluxion_abs_errs:
[0.34698762, 0.38402963, 0.35927183, 0.35893946, 0.37817783, 0.35729629, 0.41125399, 0.39394166, 0.33173642, 0.32796105, 0.34333124, 0.38190122, 0.3551239, 0.35818029, 0.3782848, 0.35913198, 0.41389493, 0.39361026, 0.33115845, 0.33132098, 0.34387528, 0.38172525, 0.35273302, 0.35835654, 0.37839587, 0.35779741, 0.4126343, 0.39382789, 0.32689786, 0.32930212, 0.34363037, 0.38178454, 0.35371795, 0.35840546, 0.37608309, 0.36115235, 0.41012266, 0.3936678, 0.32623462, 0.32929751, 0.34255552, 0.38026616, 0.35452644, 0.3597642, 0.37784025, 0.36140386, 0.41130654, 0.39386935, 0.32734459, 0.32980687, 0.34259166, 0.38090616, 0.35467143, 0.35930885, 0.38143201, 0.36189013, 0.41087006, 0.39349697, 0.32703711, 0.33127396, 0.34369599, 0.38085104, 0.35533773, 0.35929618, 0.38187845, 0.36181919, 0.41043977, 0.39484088, 0.32665172, 0.33135306, 0.34377923, 0.38097947, 0.35520282]
========== Experiments finished so far: 3 ==========
==================================================
| num_training_data: 600
| num_testing_data: 135
| target_deployment_name: boutique_p90_p90
| target_service_name: frontend:0.90
| num_experiments: 10
| experiment_ids_completed: [0, 1, 2, 3, 4, 5, 6, 7, 8, 9, 0, 1, 2, 3, 4, 5, 6, 7, 8, 9, 0, 1, 2, 3, 4, 5, 6, 7, 8, 9, 0, 1, 2, 3, 4, 5, 6, 7, 8, 9, 0, 1, 2, 3, 4, 5, 6, 7, 8, 9, 0, 1, 2, 3, 4, 5, 6, 7, 8, 9, 0, 1, 2, 3, 4, 5, 6, 7, 8, 9, 0, 1, 2, 3]
| dataset_filename: /home/yuqingxie/autosys/code/PlayGround/OSDI22/GoogleBoutique/dataset-whole-standardized.csv
==========
| fluxion_abs_errs:
[0.34698762, 0.38402963, 0.35927183, 0.35893946, 0.37817783, 0.35729629, 0.41125399, 0.39394166, 0.33173642, 0.32796105, 0.34333124, 0.38190122, 0.3551239, 0.35818029, 0.3782848, 0.35913198, 0.41389493, 0.39361026, 0.33115845, 0.33132098, 0.34387528, 0.38172525, 0.35273302, 0.35835654, 0.37839587, 0.35779741, 0.4126343, 0.39382789, 0.32689786, 0.32930212, 0.34363037, 0.38178454, 0.35371795, 0.35840546, 0.37608309, 0.36115235, 0.41012266, 0.3936678, 0.32623462, 0.32929751, 0.34255552, 0.38026616, 0.35452644, 0.3597642, 0.37784025, 0.36140386, 0.41130654, 0.39386935, 0.32734459, 0.32980687, 0.34259166, 0.38090616, 0.35467143, 0.35930885, 0.38143201, 0.36189013, 0.41087006, 0.39349697, 0.32703711, 0.33127396, 0.34369599, 0.38085104, 0.35533773, 0.35929618, 0.38187845, 0.36181919, 0.41043977, 0.39484088, 0.32665172, 0.33135306, 0.34377923, 0.38097947, 0.35520282, 0.35934179]
========== Experiments finished so far: 4 ==========
==================================================
| num_training_data: 600
| num_testing_data: 135
| target_deployment_name: boutique_p90_p90
| target_service_name: frontend:0.90
| num_experiments: 10
| experiment_ids_completed: [0, 1, 2, 3, 4, 5, 6, 7, 8, 9, 0, 1, 2, 3, 4, 5, 6, 7, 8, 9, 0, 1, 2, 3, 4, 5, 6, 7, 8, 9, 0, 1, 2, 3, 4, 5, 6, 7, 8, 9, 0, 1, 2, 3, 4, 5, 6, 7, 8, 9, 0, 1, 2, 3, 4, 5, 6, 7, 8, 9, 0, 1, 2, 3, 4, 5, 6, 7, 8, 9, 0, 1, 2, 3, 4]
| dataset_filename: /home/yuqingxie/autosys/code/PlayGround/OSDI22/GoogleBoutique/dataset-whole-standardized.csv
==========
| fluxion_abs_errs:
[0.34698762, 0.38402963, 0.35927183, 0.35893946, 0.37817783, 0.35729629, 0.41125399, 0.39394166, 0.33173642, 0.32796105, 0.34333124, 0.38190122, 0.3551239, 0.35818029, 0.3782848, 0.35913198, 0.41389493, 0.39361026, 0.33115845, 0.33132098, 0.34387528, 0.38172525, 0.35273302, 0.35835654, 0.37839587, 0.35779741, 0.4126343, 0.39382789, 0.32689786, 0.32930212, 0.34363037, 0.38178454, 0.35371795, 0.35840546, 0.37608309, 0.36115235, 0.41012266, 0.3936678, 0.32623462, 0.32929751, 0.34255552, 0.38026616, 0.35452644, 0.3597642, 0.37784025, 0.36140386, 0.41130654, 0.39386935, 0.32734459, 0.32980687, 0.34259166, 0.38090616, 0.35467143, 0.35930885, 0.38143201, 0.36189013, 0.41087006, 0.39349697, 0.32703711, 0.33127396, 0.34369599, 0.38085104, 0.35533773, 0.35929618, 0.38187845, 0.36181919, 0.41043977, 0.39484088, 0.32665172, 0.33135306, 0.34377923, 0.38097947, 0.35520282, 0.35934179, 0.3830905]
========== Experiments finished so far: 5 ==========
==================================================
| num_training_data: 600
| num_testing_data: 135
| target_deployment_name: boutique_p90_p90
| target_service_name: frontend:0.90
| num_experiments: 10
| experiment_ids_completed: [0, 1, 2, 3, 4, 5, 6, 7, 8, 9, 0, 1, 2, 3, 4, 5, 6, 7, 8, 9, 0, 1, 2, 3, 4, 5, 6, 7, 8, 9, 0, 1, 2, 3, 4, 5, 6, 7, 8, 9, 0, 1, 2, 3, 4, 5, 6, 7, 8, 9, 0, 1, 2, 3, 4, 5, 6, 7, 8, 9, 0, 1, 2, 3, 4, 5, 6, 7, 8, 9, 0, 1, 2, 3, 4, 5]
| dataset_filename: /home/yuqingxie/autosys/code/PlayGround/OSDI22/GoogleBoutique/dataset-whole-standardized.csv
==========
| fluxion_abs_errs:
[0.34698762, 0.38402963, 0.35927183, 0.35893946, 0.37817783, 0.35729629, 0.41125399, 0.39394166, 0.33173642, 0.32796105, 0.34333124, 0.38190122, 0.3551239, 0.35818029, 0.3782848, 0.35913198, 0.41389493, 0.39361026, 0.33115845, 0.33132098, 0.34387528, 0.38172525, 0.35273302, 0.35835654, 0.37839587, 0.35779741, 0.4126343, 0.39382789, 0.32689786, 0.32930212, 0.34363037, 0.38178454, 0.35371795, 0.35840546, 0.37608309, 0.36115235, 0.41012266, 0.3936678, 0.32623462, 0.32929751, 0.34255552, 0.38026616, 0.35452644, 0.3597642, 0.37784025, 0.36140386, 0.41130654, 0.39386935, 0.32734459, 0.32980687, 0.34259166, 0.38090616, 0.35467143, 0.35930885, 0.38143201, 0.36189013, 0.41087006, 0.39349697, 0.32703711, 0.33127396, 0.34369599, 0.38085104, 0.35533773, 0.35929618, 0.38187845, 0.36181919, 0.41043977, 0.39484088, 0.32665172, 0.33135306, 0.34377923, 0.38097947, 0.35520282, 0.35934179, 0.3830905, 0.3618448]
========== Experiments finished so far: 6 ==========
==================================================
| num_training_data: 600
| num_testing_data: 135
| target_deployment_name: boutique_p90_p90
| target_service_name: frontend:0.90
| num_experiments: 10
| experiment_ids_completed: [0, 1, 2, 3, 4, 5, 6, 7, 8, 9, 0, 1, 2, 3, 4, 5, 6, 7, 8, 9, 0, 1, 2, 3, 4, 5, 6, 7, 8, 9, 0, 1, 2, 3, 4, 5, 6, 7, 8, 9, 0, 1, 2, 3, 4, 5, 6, 7, 8, 9, 0, 1, 2, 3, 4, 5, 6, 7, 8, 9, 0, 1, 2, 3, 4, 5, 6, 7, 8, 9, 0, 1, 2, 3, 4, 5, 6]
| dataset_filename: /home/yuqingxie/autosys/code/PlayGround/OSDI22/GoogleBoutique/dataset-whole-standardized.csv
==========
| fluxion_abs_errs:
[0.34698762, 0.38402963, 0.35927183, 0.35893946, 0.37817783, 0.35729629, 0.41125399, 0.39394166, 0.33173642, 0.32796105, 0.34333124, 0.38190122, 0.3551239, 0.35818029, 0.3782848, 0.35913198, 0.41389493, 0.39361026, 0.33115845, 0.33132098, 0.34387528, 0.38172525, 0.35273302, 0.35835654, 0.37839587, 0.35779741, 0.4126343, 0.39382789, 0.32689786, 0.32930212, 0.34363037, 0.38178454, 0.35371795, 0.35840546, 0.37608309, 0.36115235, 0.41012266, 0.3936678, 0.32623462, 0.32929751, 0.34255552, 0.38026616, 0.35452644, 0.3597642, 0.37784025, 0.36140386, 0.41130654, 0.39386935, 0.32734459, 0.32980687, 0.34259166, 0.38090616, 0.35467143, 0.35930885, 0.38143201, 0.36189013, 0.41087006, 0.39349697, 0.32703711, 0.33127396, 0.34369599, 0.38085104, 0.35533773, 0.35929618, 0.38187845, 0.36181919, 0.41043977, 0.39484088, 0.32665172, 0.33135306, 0.34377923, 0.38097947, 0.35520282, 0.35934179, 0.3830905, 0.3618448, 0.40923026]
========== Experiments finished so far: 7 ==========
==================================================
| num_training_data: 600
| num_testing_data: 135
| target_deployment_name: boutique_p90_p90
| target_service_name: frontend:0.90
| num_experiments: 10
| experiment_ids_completed: [0, 1, 2, 3, 4, 5, 6, 7, 8, 9, 0, 1, 2, 3, 4, 5, 6, 7, 8, 9, 0, 1, 2, 3, 4, 5, 6, 7, 8, 9, 0, 1, 2, 3, 4, 5, 6, 7, 8, 9, 0, 1, 2, 3, 4, 5, 6, 7, 8, 9, 0, 1, 2, 3, 4, 5, 6, 7, 8, 9, 0, 1, 2, 3, 4, 5, 6, 7, 8, 9, 0, 1, 2, 3, 4, 5, 6, 7]
| dataset_filename: /home/yuqingxie/autosys/code/PlayGround/OSDI22/GoogleBoutique/dataset-whole-standardized.csv
==========
| fluxion_abs_errs:
[0.34698762, 0.38402963, 0.35927183, 0.35893946, 0.37817783, 0.35729629, 0.41125399, 0.39394166, 0.33173642, 0.32796105, 0.34333124, 0.38190122, 0.3551239, 0.35818029, 0.3782848, 0.35913198, 0.41389493, 0.39361026, 0.33115845, 0.33132098, 0.34387528, 0.38172525, 0.35273302, 0.35835654, 0.37839587, 0.35779741, 0.4126343, 0.39382789, 0.32689786, 0.32930212, 0.34363037, 0.38178454, 0.35371795, 0.35840546, 0.37608309, 0.36115235, 0.41012266, 0.3936678, 0.32623462, 0.32929751, 0.34255552, 0.38026616, 0.35452644, 0.3597642, 0.37784025, 0.36140386, 0.41130654, 0.39386935, 0.32734459, 0.32980687, 0.34259166, 0.38090616, 0.35467143, 0.35930885, 0.38143201, 0.36189013, 0.41087006, 0.39349697, 0.32703711, 0.33127396, 0.34369599, 0.38085104, 0.35533773, 0.35929618, 0.38187845, 0.36181919, 0.41043977, 0.39484088, 0.32665172, 0.33135306, 0.34377923, 0.38097947, 0.35520282, 0.35934179, 0.3830905, 0.3618448, 0.40923026, 0.39582938]
========== Experiments finished so far: 8 ==========
==================================================
| num_training_data: 600
| num_testing_data: 135
| target_deployment_name: boutique_p90_p90
| target_service_name: frontend:0.90
| num_experiments: 10
| experiment_ids_completed: [0, 1, 2, 3, 4, 5, 6, 7, 8, 9, 0, 1, 2, 3, 4, 5, 6, 7, 8, 9, 0, 1, 2, 3, 4, 5, 6, 7, 8, 9, 0, 1, 2, 3, 4, 5, 6, 7, 8, 9, 0, 1, 2, 3, 4, 5, 6, 7, 8, 9, 0, 1, 2, 3, 4, 5, 6, 7, 8, 9, 0, 1, 2, 3, 4, 5, 6, 7, 8, 9, 0, 1, 2, 3, 4, 5, 6, 7, 8]
| dataset_filename: /home/yuqingxie/autosys/code/PlayGround/OSDI22/GoogleBoutique/dataset-whole-standardized.csv
==========
| fluxion_abs_errs:
[0.34698762, 0.38402963, 0.35927183, 0.35893946, 0.37817783, 0.35729629, 0.41125399, 0.39394166, 0.33173642, 0.32796105, 0.34333124, 0.38190122, 0.3551239, 0.35818029, 0.3782848, 0.35913198, 0.41389493, 0.39361026, 0.33115845, 0.33132098, 0.34387528, 0.38172525, 0.35273302, 0.35835654, 0.37839587, 0.35779741, 0.4126343, 0.39382789, 0.32689786, 0.32930212, 0.34363037, 0.38178454, 0.35371795, 0.35840546, 0.37608309, 0.36115235, 0.41012266, 0.3936678, 0.32623462, 0.32929751, 0.34255552, 0.38026616, 0.35452644, 0.3597642, 0.37784025, 0.36140386, 0.41130654, 0.39386935, 0.32734459, 0.32980687, 0.34259166, 0.38090616, 0.35467143, 0.35930885, 0.38143201, 0.36189013, 0.41087006, 0.39349697, 0.32703711, 0.33127396, 0.34369599, 0.38085104, 0.35533773, 0.35929618, 0.38187845, 0.36181919, 0.41043977, 0.39484088, 0.32665172, 0.33135306, 0.34377923, 0.38097947, 0.35520282, 0.35934179, 0.3830905, 0.3618448, 0.40923026, 0.39582938, 0.32686902]
========== Experiments finished so far: 9 ==========
==================================================
| num_training_data: 600
| num_testing_data: 135
| target_deployment_name: boutique_p90_p90
| target_service_name: frontend:0.90
| num_experiments: 10
| experiment_ids_completed: [0, 1, 2, 3, 4, 5, 6, 7, 8, 9, 0, 1, 2, 3, 4, 5, 6, 7, 8, 9, 0, 1, 2, 3, 4, 5, 6, 7, 8, 9, 0, 1, 2, 3, 4, 5, 6, 7, 8, 9, 0, 1, 2, 3, 4, 5, 6, 7, 8, 9, 0, 1, 2, 3, 4, 5, 6, 7, 8, 9, 0, 1, 2, 3, 4, 5, 6, 7, 8, 9, 0, 1, 2, 3, 4, 5, 6, 7, 8, 9]
| dataset_filename: /home/yuqingxie/autosys/code/PlayGround/OSDI22/GoogleBoutique/dataset-whole-standardized.csv
==========
| fluxion_abs_errs:
[0.34698762, 0.38402963, 0.35927183, 0.35893946, 0.37817783, 0.35729629, 0.41125399, 0.39394166, 0.33173642, 0.32796105, 0.34333124, 0.38190122, 0.3551239, 0.35818029, 0.3782848, 0.35913198, 0.41389493, 0.39361026, 0.33115845, 0.33132098, 0.34387528, 0.38172525, 0.35273302, 0.35835654, 0.37839587, 0.35779741, 0.4126343, 0.39382789, 0.32689786, 0.32930212, 0.34363037, 0.38178454, 0.35371795, 0.35840546, 0.37608309, 0.36115235, 0.41012266, 0.3936678, 0.32623462, 0.32929751, 0.34255552, 0.38026616, 0.35452644, 0.3597642, 0.37784025, 0.36140386, 0.41130654, 0.39386935, 0.32734459, 0.32980687, 0.34259166, 0.38090616, 0.35467143, 0.35930885, 0.38143201, 0.36189013, 0.41087006, 0.39349697, 0.32703711, 0.33127396, 0.34369599, 0.38085104, 0.35533773, 0.35929618, 0.38187845, 0.36181919, 0.41043977, 0.39484088, 0.32665172, 0.33135306, 0.34377923, 0.38097947, 0.35520282, 0.35934179, 0.3830905, 0.3618448, 0.40923026, 0.39582938, 0.32686902, 0.33060949]
0.34698762
0.38402963
0.35927183
0.35893946
0.37817783
0.35729629
0.41125399
0.39394166
0.33173642
0.32796105
0.34333124
0.38190122
0.3551239
0.35818029
0.3782848
0.35913198
0.41389493
0.39361026
0.33115845
0.33132098
0.34387528
0.38172525
0.35273302
0.35835654
0.37839587
0.35779741
0.4126343
0.39382789
0.32689786
0.32930212
0.34363037
0.38178454
0.35371795
0.35840546
0.37608309
0.36115235
0.41012266
0.3936678
0.32623462
0.32929751
0.34255552
0.38026616
0.35452644
0.3597642
0.37784025
0.36140386
0.41130654
0.39386935
0.32734459
0.32980687
0.34259166
0.38090616
0.35467143
0.35930885
0.38143201
0.36189013
0.41087006
0.39349697
0.32703711
0.33127396
0.34369599
0.38085104
0.35533773
0.35929618
0.38187845
0.36181919
0.41043977
0.39484088
0.32665172
0.33135306
0.34377923
0.38097947
0.35520282
0.35934179
0.3830905
0.3618448
0.40923026
0.39582938
0.32686902
0.33060949
