0
the function is 1.0807740953993539 0.9701045546278873 0.5382888529023927
1.6212399980725063
-0.105548540331363
4.032846948949509e-06
1.6190439409193464
-0.1456185483932495

1
the function is 0.19633761918266052 1.2382990982789661 1.1160535399325904
1.789486511246285
0.12041092760198747
6.5118470136841615e-06
1.7768474112081616
0.13044336458047232

2
the function is 0.4138950866603857 0.4103421304345988 0.024482734494231915
0.5973918440166224
0.011451077108600351
3.006371837673734e-06
0.6023836698130965
0.05617561976114909

3
the function is 1.2473352354245824 2.852677295593718 1.939187854943644
3.9756454559915237
0.14312238886052903
1.4592060690687598e-05
3.9805182280154305
-0.2250550882021586

4
the function is 0.49751507261709893 0.2174415267202769 0.834766108686727
0.9804594603585872
0.1269640426863913
2.4050332004846528e-06
0.9995689052944914
0.13494905710220337

5
the function is 2.7179902015082598 3.236738292667483 3.469774343594761
5.478824009873633
0.09352016467404745
2.2964838848106665e-05
5.507305225319335
0.3366748221715291

6
the function is 0.988201531768138 1.0238436961511033 0.6041696015273382
1.464195473389496
0.06082761511686454
6.239428281773265e-06
1.4881459168954663
0.058964321414629615

7
the function is 0.20839464261487264 0.09707529040472836 0.41889293365582664
0.4706788753036426
-0.03698391564093268
1.0165955187744121e-06
0.46134151437775306
-0.020486664921045304

8
the function is 1.2147971101362822 5.156431473900488 0.676940644679308
5.190619791237051
-0.0783154400083245
1.8616509584989764e-05
5.23671589733669
0.142265944480896

9
the function is 4.115719661072003 3.318407860743266 1.2314909780481447
4.774917500788711
0.3110653425224378
1.4142029462417272e-05
4.754052964949635
0.24723503430684407

