0
the function is 1.0807740953993539 0.9701045546278873 0.5382888529023927
1.6212399980725063
-0.105548540331363
1.6333349050437345
-0.10545180815409529
0.3827353995832697
1.3837196523894242
-0.09673403911552562

1
the function is 0.19633761918266052 1.2382990982789661 1.1160535399325904
1.789486511246285
0.12041092760198747
1.8008629813373012
0.14900893053576644
0.36619312528381626
1.7340520173391185
0.18015618180672174

2
the function is 0.4138950866603857 0.4103421304345988 0.024482734494231915
0.5973918440166224
0.011451077108600351
0.6436783801984937
0.023719759447188828
0.2863837101974583
0.5027796849708358
0.002260417515120127

3
the function is 1.2473352354245824 2.852677295593718 1.939187854943644
3.9756454559915237
0.14312238886052903
3.985871781890032
0.1240224817586698
0.5617445337954727
3.824543273461591
-0.17111567223830046

4
the function is 0.49751507261709893 0.2174415267202769 0.834766108686727
0.9804594603585872
0.1269640426863913
1.0148074767757784
0.1351276137972275
0.33147423599209325
1.0010775277937265
0.1209414412878211

5
the function is 2.7179902015082598 3.236738292667483 3.469774343594761
5.478824009873633
0.09352016467404745
5.497696348719005
0.10653086135642348
0.8915457427565472
5.022717601721938
0.409359737675394

6
the function is 0.988201531768138 1.0238436961511033 0.6041696015273382
1.464195473389496
0.06082761511686454
1.4496284505154196
0.0754824588838623
0.29950245161475164
1.386989500399523
0.07701269301754997

7
the function is 0.20839464261487264 0.09707529040472836 0.41889293365582664
0.4706788753036426
-0.03698391564093268
0.4934370277352962
-0.04461254757516922
0.22595467226300883
0.38180683646320396
-0.015424208178780567

8
the function is 1.2147971101362822 5.156431473900488 0.676940644679308
5.190619791237051
-0.0783154400083245
5.209117261552617
-0.043446262967000104
0.9205297863985646
5.1071337964962105
0.0923623905620705

9
the function is 4.115719661072003 3.318407860743266 1.2314909780481447
4.774917500788711
0.3110653425224378
4.769748945189109
0.33589012114864425
0.9611190044362911
4.069373171457864
0.44953155984489873

